{
 "cells": [
  {
   "cell_type": "code",
   "execution_count": 1,
   "id": "1057e478",
   "metadata": {},
   "outputs": [],
   "source": [
    "import pathlib\n",
    "\n",
    "import matplotlib.pyplot as plt\n",
    "import numpy as np\n",
    "import pandas as pd\n",
    "from sklearn.linear_model import LinearRegression"
   ]
  },
  {
   "cell_type": "code",
   "execution_count": 16,
   "id": "90a97576",
   "metadata": {},
   "outputs": [],
   "source": [
    "NUM_ASSETS = 20\n",
    "\n",
    "# Function to read asset data from a text file\n",
    "def read_asset_data(file_path):\n",
    "    with open(file_path, \"r\") as file:\n",
    "        lines = file.readlines()\n",
    "\n",
    "        asset_name = lines[0].strip()\n",
    "        num_points = int(lines[1].strip())\n",
    "        data = [float(line.split()[1]) for line in lines[2 : num_points + 2]]\n",
    "\n",
    "    return asset_name, data\n",
    "\n",
    "# Read all asset data\n",
    "asset_data = {}\n",
    "for file in pathlib.Path(\"data\").glob(\"*Part2.txt\"):\n",
    "    asset_name, data = read_asset_data(file)\n",
    "    asset_data[asset_name] = data\n",
    "asset_data = pd.DataFrame(asset_data)\n",
    "\n",
    "assert len(asset_data.columns) == NUM_ASSETS"
   ]
  },
  {
   "cell_type": "code",
   "execution_count": 10,
   "id": "53f0eecf",
   "metadata": {},
   "outputs": [
    {
     "data": {
      "application/vnd.microsoft.datawrangler.viewer.v0+json": {
       "columns": [
        {
         "name": "index",
         "rawType": "object",
         "type": "string"
        },
        {
         "name": "ABCDE",
         "rawType": "float64",
         "type": "float"
        },
        {
         "name": "Apples",
         "rawType": "float64",
         "type": "float"
        },
        {
         "name": "BetterTechnology",
         "rawType": "float64",
         "type": "float"
        },
        {
         "name": "BetterTomorrow",
         "rawType": "float64",
         "type": "float"
        },
        {
         "name": "CPU-XYZ",
         "rawType": "float64",
         "type": "float"
        },
        {
         "name": "Electronics123",
         "rawType": "float64",
         "type": "float"
        },
        {
         "name": "EnviroLike",
         "rawType": "float64",
         "type": "float"
        },
        {
         "name": "Fuel4",
         "rawType": "float64",
         "type": "float"
        },
        {
         "name": "Lasers",
         "rawType": "float64",
         "type": "float"
        },
        {
         "name": "MarsProject",
         "rawType": "float64",
         "type": "float"
        },
        {
         "name": "Moneymakers",
         "rawType": "float64",
         "type": "float"
        },
        {
         "name": "PearPear",
         "rawType": "float64",
         "type": "float"
        },
        {
         "name": "Photons",
         "rawType": "float64",
         "type": "float"
        },
        {
         "name": "PositiveCorrelation",
         "rawType": "float64",
         "type": "float"
        },
        {
         "name": "RoboticsX",
         "rawType": "float64",
         "type": "float"
        },
        {
         "name": "SafeAndCare",
         "rawType": "float64",
         "type": "float"
        },
        {
         "name": "SpaceNow",
         "rawType": "float64",
         "type": "float"
        },
        {
         "name": "SuperFuture",
         "rawType": "float64",
         "type": "float"
        },
        {
         "name": "WaterForce",
         "rawType": "float64",
         "type": "float"
        },
        {
         "name": "WorldNow",
         "rawType": "float64",
         "type": "float"
        }
       ],
       "conversionMethod": "pd.DataFrame",
       "ref": "02dc2b05-1cd7-45c7-a9a4-e8a10e2542ac",
       "rows": [
        [
         "ABCDE",
         "0.47360294443757267",
         "-0.7119973710807538",
         "0.15572314800593112",
         "-0.1911325273958215",
         "0.15917107986049425",
         "0.27530198323978644",
         "0.18900164191526714",
         "-0.19347314744783412",
         "-0.4310468753171145",
         "-0.16181789996765947",
         "0.0331393480324485",
         "0.09816567330815242",
         "0.16264399396918422",
         "-0.3010793283057923",
         "0.13041236971411757",
         "0.25433218830819154",
         "0.12381689405272908",
         "0.26890448722521604",
         "0.3600582283945687",
         "0.5600932197364002"
        ],
        [
         "Apples",
         "-0.7119973710807538",
         "2.28514668233347",
         "0.29471191650545636",
         "-0.07542627368802561",
         "-1.1764330983838602",
         "0.04009827671451986",
         "-0.05843651578919442",
         "0.5686477928443436",
         "0.8555282338812173",
         "-0.005924167365581179",
         "-0.4366168408989225",
         "0.7300342569154686",
         "-0.45296450784731235",
         "1.3332489469079707",
         "-0.3407038213836011",
         "-0.03638137898616832",
         "-0.06004950989859784",
         "0.6531193095221082",
         "-0.5366877266206689",
         "-1.2945438157631006"
        ],
        [
         "BetterTechnology",
         "0.15572314800593112",
         "0.29471191650545636",
         "1.0752924026152797",
         "-0.6081650862701776",
         "-0.17411923317297742",
         "1.1872656641908592",
         "0.7062546958246725",
         "0.20338292254451573",
         "-0.08474764896976829",
         "-0.14363236478116162",
         "-0.08061821609447002",
         "0.2683818533926931",
         "-0.45766973860786325",
         "0.2626049399581359",
         "0.07495031807035608",
         "0.9650489761714294",
         "0.1272142855480546",
         "0.3562551636542937",
         "0.2943664032072908",
         "0.05660316858370634"
        ],
        [
         "BetterTomorrow",
         "-0.1911325273958215",
         "-0.07542627368802561",
         "-0.6081650862701776",
         "0.7336358457354295",
         "-0.24442005906186431",
         "-1.0426717199963063",
         "-0.6325986811956047",
         "-0.0069479954228079165",
         "0.2962352845107624",
         "0.2255596262569151",
         "0.24587061379697855",
         "0.18899194858448518",
         "-0.019902589835804705",
         "0.1612002166035289",
         "-0.2757222533859448",
         "-0.8978242380398247",
         "-0.10417460475119177",
         "0.18477620882005213",
         "-0.3170751569045239",
         "-0.4508812919897585"
        ],
        [
         "CPU-XYZ",
         "0.15917107986049425",
         "-1.1764330983838602",
         "-0.17411923317297742",
         "-0.24442005906186431",
         "1.4102483015185143",
         "0.303852562225863",
         "0.2677007026052698",
         "-0.31608198638311946",
         "-0.43984514965469534",
         "0.02944652084314082",
         "0.02211125528857952",
         "-1.2341189092071811",
         "0.2999644321155174",
         "-1.0151275962676538",
         "0.3017990547409211",
         "0.3908122189571375",
         "-0.06847716944813237",
         "-1.5688125064618852",
         "0.2611398516650084",
         "0.8703304333492495"
        ],
        [
         "Electronics123",
         "0.27530198323978644",
         "0.04009827671451986",
         "1.1872656641908592",
         "-1.0426717199963063",
         "0.303852562225863",
         "1.8406645619667266",
         "1.0214523474069386",
         "0.05778953541174524",
         "-0.4112543543272264",
         "-0.2204026607269437",
         "-0.16384132788905972",
         "-0.2474588355794211",
         "-0.24609992137614778",
         "-0.22693947700745587",
         "0.3442006714472271",
         "1.4876635297472285",
         "0.1884025274093433",
         "-0.26104246965841954",
         "0.42605429706747994",
         "0.7101873465098612"
        ],
        [
         "EnviroLike",
         "0.18900164191526714",
         "-0.05843651578919442",
         "0.7062546958246725",
         "-0.6325986811956047",
         "0.2677007026052698",
         "1.0214523474069386",
         "0.6871764606266334",
         "0.11064411359111896",
         "-0.23234856890931",
         "-0.1865806120426508",
         "-0.16106737323640802",
         "-0.18081015329764757",
         "-0.1798758201063631",
         "-0.0826657113940765",
         "0.1304414950466073",
         "0.8467999093563586",
         "0.09390448624459477",
         "-0.1613142447374449",
         "0.2917948865375152",
         "0.295790540087794"
        ],
        [
         "Fuel4",
         "-0.19347314744783412",
         "0.5686477928443436",
         "0.20338292254451573",
         "-0.0069479954228079165",
         "-0.31608198638311946",
         "0.05778953541174524",
         "0.11064411359111896",
         "0.4991336525826093",
         "0.3113312048095514",
         "-0.0647599102404215",
         "-0.1352947757501616",
         "0.1371220342089591",
         "-0.4015882940646507",
         "0.5129221141641982",
         "-0.3957126984587456",
         "-0.07691411830148737",
         "-0.0441613120966204",
         "0.2357784154738352",
         "-0.2645859090228067",
         "-0.6102200264839127"
        ],
        [
         "Lasers",
         "-0.4310468753171145",
         "0.8555282338812173",
         "-0.08474764896976829",
         "0.2962352845107624",
         "-0.43984514965469534",
         "-0.4112543543272264",
         "-0.23234856890931",
         "0.3113312048095514",
         "0.5961941759630114",
         "0.13006733822521357",
         "-0.07335535363242085",
         "0.24315563874208515",
         "-0.3514741041094579",
         "0.686061960099825",
         "-0.39698720889236444",
         "-0.39827225330870286",
         "-0.03939546752072056",
         "0.13753707157483017",
         "-0.3911072862779163",
         "-0.882439113114505"
        ],
        [
         "MarsProject",
         "-0.16181789996765947",
         "-0.005924167365581179",
         "-0.14363236478116162",
         "0.2255596262569151",
         "0.02944652084314082",
         "-0.2204026607269437",
         "-0.1865806120426508",
         "-0.0647599102404215",
         "0.13006733822521357",
         "0.2275131934912161",
         "0.21271220829140575",
         "-0.11373101484554143",
         "-0.04648112770245013",
         "-0.11608269361076767",
         "0.032930181583661226",
         "-0.23201046881328002",
         "0.010185721475797943",
         "-0.19251462798527197",
         "-0.10809382049253216",
         "-0.09660932374766013"
        ],
        [
         "Moneymakers",
         "0.0331393480324485",
         "-0.4366168408989225",
         "-0.08061821609447002",
         "0.24587061379697855",
         "0.02211125528857952",
         "-0.16384132788905972",
         "-0.16106737323640802",
         "-0.1352947757501616",
         "-0.07335535363242085",
         "0.21271220829140575",
         "0.44902368608590976",
         "-0.062262252785935106",
         "0.0025357690617328022",
         "-0.4417470343919483",
         "0.19188379228636546",
         "-0.25735622486786375",
         "0.07086777853002559",
         "0.06532299868273456",
         "0.0413368627667362",
         "0.1611151705158326"
        ],
        [
         "PearPear",
         "0.09816567330815242",
         "0.7300342569154686",
         "0.2683818533926931",
         "0.18899194858448518",
         "-1.2341189092071811",
         "-0.2474588355794211",
         "-0.18081015329764757",
         "0.1371220342089591",
         "0.24315563874208515",
         "-0.11373101484554143",
         "-0.062262252785935106",
         "1.3457749099232246",
         "-0.23108983148155418",
         "0.9869937928471159",
         "-0.26605357848958167",
         "-0.21381820819268962",
         "0.07991357930214416",
         "1.6619299035520538",
         "-0.003918147981848101",
         "-0.6406135059315079"
        ],
        [
         "Photons",
         "0.16264399396918422",
         "-0.45296450784731235",
         "-0.45766973860786325",
         "-0.019902589835804705",
         "0.2999644321155174",
         "-0.24609992137614778",
         "-0.1798758201063631",
         "-0.4015882940646507",
         "-0.3514741041094579",
         "-0.04648112770245013",
         "0.0025357690617328022",
         "-0.23108983148155418",
         "0.630609109862632",
         "-0.6177770686683625",
         "0.46439697822538684",
         "-0.09448437018035032",
         "-0.07979354071892487",
         "-0.21910991870243846",
         "0.19426802779627367",
         "0.6177596420032694"
        ],
        [
         "PositiveCorrelation",
         "-0.3010793283057923",
         "1.3332489469079707",
         "0.2626049399581359",
         "0.1612002166035289",
         "-1.0151275962676538",
         "-0.22693947700745587",
         "-0.0826657113940765",
         "0.5129221141641982",
         "0.686061960099825",
         "-0.11608269361076767",
         "-0.4417470343919483",
         "0.9869937928471159",
         "-0.6177770686683625",
         "1.6390055684310494",
         "-0.8618131249829457",
         "-0.17066461044095024",
         "-0.01049032564037177",
         "0.9117419108316763",
         "-0.42282970977658",
         "-1.2837797481693283"
        ],
        [
         "RoboticsX",
         "0.13041236971411757",
         "-0.3407038213836011",
         "0.07495031807035608",
         "-0.2757222533859448",
         "0.3017990547409211",
         "0.3442006714472271",
         "0.1304414950466073",
         "-0.3957126984587456",
         "-0.39698720889236444",
         "0.032930181583661226",
         "0.19188379228636546",
         "-0.26605357848958167",
         "0.46439697822538684",
         "-0.8618131249829457",
         "0.83345459708409",
         "0.3668976734031185",
         "-0.05831234860060553",
         "-0.1884690172765283",
         "0.39798709259457704",
         "0.7500690163669379"
        ],
        [
         "SafeAndCare",
         "0.25433218830819154",
         "-0.03638137898616832",
         "0.9650489761714294",
         "-0.8978242380398247",
         "0.3908122189571375",
         "1.4876635297472285",
         "0.8467999093563586",
         "-0.07691411830148737",
         "-0.39827225330870286",
         "-0.23201046881328002",
         "-0.25735622486786375",
         "-0.21381820819268962",
         "-0.09448437018035032",
         "-0.17066461044095024",
         "0.3668976734031185",
         "1.4038014080805348",
         "0.03634620886797835",
         "-0.3485090618737946",
         "0.43448878528816975",
         "0.7186062616954084"
        ],
        [
         "SpaceNow",
         "0.12381689405272908",
         "-0.06004950989859784",
         "0.1272142855480546",
         "-0.10417460475119177",
         "-0.06847716944813237",
         "0.1884025274093433",
         "0.09390448624459477",
         "-0.0441613120966204",
         "-0.03939546752072056",
         "0.010185721475797943",
         "0.07086777853002559",
         "0.07991357930214416",
         "-0.07979354071892487",
         "-0.01049032564037177",
         "-0.05831234860060553",
         "0.03634620886797835",
         "0.3375228210510132",
         "0.15889248203222553",
         "0.100160080458237",
         "0.030588450401611924"
        ],
        [
         "SuperFuture",
         "0.26890448722521604",
         "0.6531193095221082",
         "0.3562551636542937",
         "0.18477620882005213",
         "-1.5688125064618852",
         "-0.26104246965841954",
         "-0.1613142447374449",
         "0.2357784154738352",
         "0.13753707157483017",
         "-0.19251462798527197",
         "0.06532299868273456",
         "1.6619299035520538",
         "-0.21910991870243846",
         "0.9117419108316763",
         "-0.1884690172765283",
         "-0.3485090618737946",
         "0.15889248203222553",
         "2.371680156207871",
         "0.10259038709693784",
         "-0.6537249742372104"
        ],
        [
         "WaterForce",
         "0.3600582283945687",
         "-0.5366877266206689",
         "0.2943664032072908",
         "-0.3170751569045239",
         "0.2611398516650084",
         "0.42605429706747994",
         "0.2917948865375152",
         "-0.2645859090228067",
         "-0.3911072862779163",
         "-0.10809382049253216",
         "0.0413368627667362",
         "-0.003918147981848101",
         "0.19426802779627367",
         "-0.42282970977658",
         "0.39798709259457704",
         "0.43448878528816975",
         "0.100160080458237",
         "0.10259038709693784",
         "0.4887620352370896",
         "0.5436581853600769"
        ],
        [
         "WorldNow",
         "0.5600932197364002",
         "-1.2945438157631006",
         "0.05660316858370634",
         "-0.4508812919897585",
         "0.8703304333492495",
         "0.7101873465098612",
         "0.295790540087794",
         "-0.6102200264839127",
         "-0.882439113114505",
         "-0.09660932374766013",
         "0.1611151705158326",
         "-0.6406135059315079",
         "0.6177596420032694",
         "-1.2837797481693283",
         "0.7500690163669379",
         "0.7186062616954084",
         "0.030588450401611924",
         "-0.6537249742372104",
         "0.5436581853600769",
         "1.608254532759005"
        ]
       ],
       "shape": {
        "columns": 20,
        "rows": 20
       }
      },
      "text/html": [
       "<div>\n",
       "<style scoped>\n",
       "    .dataframe tbody tr th:only-of-type {\n",
       "        vertical-align: middle;\n",
       "    }\n",
       "\n",
       "    .dataframe tbody tr th {\n",
       "        vertical-align: top;\n",
       "    }\n",
       "\n",
       "    .dataframe thead th {\n",
       "        text-align: right;\n",
       "    }\n",
       "</style>\n",
       "<table border=\"1\" class=\"dataframe\">\n",
       "  <thead>\n",
       "    <tr style=\"text-align: right;\">\n",
       "      <th></th>\n",
       "      <th>ABCDE</th>\n",
       "      <th>Apples</th>\n",
       "      <th>BetterTechnology</th>\n",
       "      <th>BetterTomorrow</th>\n",
       "      <th>CPU-XYZ</th>\n",
       "      <th>Electronics123</th>\n",
       "      <th>EnviroLike</th>\n",
       "      <th>Fuel4</th>\n",
       "      <th>Lasers</th>\n",
       "      <th>MarsProject</th>\n",
       "      <th>Moneymakers</th>\n",
       "      <th>PearPear</th>\n",
       "      <th>Photons</th>\n",
       "      <th>PositiveCorrelation</th>\n",
       "      <th>RoboticsX</th>\n",
       "      <th>SafeAndCare</th>\n",
       "      <th>SpaceNow</th>\n",
       "      <th>SuperFuture</th>\n",
       "      <th>WaterForce</th>\n",
       "      <th>WorldNow</th>\n",
       "    </tr>\n",
       "  </thead>\n",
       "  <tbody>\n",
       "    <tr>\n",
       "      <th>ABCDE</th>\n",
       "      <td>0.473603</td>\n",
       "      <td>-0.711997</td>\n",
       "      <td>0.155723</td>\n",
       "      <td>-0.191133</td>\n",
       "      <td>0.159171</td>\n",
       "      <td>0.275302</td>\n",
       "      <td>0.189002</td>\n",
       "      <td>-0.193473</td>\n",
       "      <td>-0.431047</td>\n",
       "      <td>-0.161818</td>\n",
       "      <td>0.033139</td>\n",
       "      <td>0.098166</td>\n",
       "      <td>0.162644</td>\n",
       "      <td>-0.301079</td>\n",
       "      <td>0.130412</td>\n",
       "      <td>0.254332</td>\n",
       "      <td>0.123817</td>\n",
       "      <td>0.268904</td>\n",
       "      <td>0.360058</td>\n",
       "      <td>0.560093</td>\n",
       "    </tr>\n",
       "    <tr>\n",
       "      <th>Apples</th>\n",
       "      <td>-0.711997</td>\n",
       "      <td>2.285147</td>\n",
       "      <td>0.294712</td>\n",
       "      <td>-0.075426</td>\n",
       "      <td>-1.176433</td>\n",
       "      <td>0.040098</td>\n",
       "      <td>-0.058437</td>\n",
       "      <td>0.568648</td>\n",
       "      <td>0.855528</td>\n",
       "      <td>-0.005924</td>\n",
       "      <td>-0.436617</td>\n",
       "      <td>0.730034</td>\n",
       "      <td>-0.452965</td>\n",
       "      <td>1.333249</td>\n",
       "      <td>-0.340704</td>\n",
       "      <td>-0.036381</td>\n",
       "      <td>-0.060050</td>\n",
       "      <td>0.653119</td>\n",
       "      <td>-0.536688</td>\n",
       "      <td>-1.294544</td>\n",
       "    </tr>\n",
       "    <tr>\n",
       "      <th>BetterTechnology</th>\n",
       "      <td>0.155723</td>\n",
       "      <td>0.294712</td>\n",
       "      <td>1.075292</td>\n",
       "      <td>-0.608165</td>\n",
       "      <td>-0.174119</td>\n",
       "      <td>1.187266</td>\n",
       "      <td>0.706255</td>\n",
       "      <td>0.203383</td>\n",
       "      <td>-0.084748</td>\n",
       "      <td>-0.143632</td>\n",
       "      <td>-0.080618</td>\n",
       "      <td>0.268382</td>\n",
       "      <td>-0.457670</td>\n",
       "      <td>0.262605</td>\n",
       "      <td>0.074950</td>\n",
       "      <td>0.965049</td>\n",
       "      <td>0.127214</td>\n",
       "      <td>0.356255</td>\n",
       "      <td>0.294366</td>\n",
       "      <td>0.056603</td>\n",
       "    </tr>\n",
       "    <tr>\n",
       "      <th>BetterTomorrow</th>\n",
       "      <td>-0.191133</td>\n",
       "      <td>-0.075426</td>\n",
       "      <td>-0.608165</td>\n",
       "      <td>0.733636</td>\n",
       "      <td>-0.244420</td>\n",
       "      <td>-1.042672</td>\n",
       "      <td>-0.632599</td>\n",
       "      <td>-0.006948</td>\n",
       "      <td>0.296235</td>\n",
       "      <td>0.225560</td>\n",
       "      <td>0.245871</td>\n",
       "      <td>0.188992</td>\n",
       "      <td>-0.019903</td>\n",
       "      <td>0.161200</td>\n",
       "      <td>-0.275722</td>\n",
       "      <td>-0.897824</td>\n",
       "      <td>-0.104175</td>\n",
       "      <td>0.184776</td>\n",
       "      <td>-0.317075</td>\n",
       "      <td>-0.450881</td>\n",
       "    </tr>\n",
       "    <tr>\n",
       "      <th>CPU-XYZ</th>\n",
       "      <td>0.159171</td>\n",
       "      <td>-1.176433</td>\n",
       "      <td>-0.174119</td>\n",
       "      <td>-0.244420</td>\n",
       "      <td>1.410248</td>\n",
       "      <td>0.303853</td>\n",
       "      <td>0.267701</td>\n",
       "      <td>-0.316082</td>\n",
       "      <td>-0.439845</td>\n",
       "      <td>0.029447</td>\n",
       "      <td>0.022111</td>\n",
       "      <td>-1.234119</td>\n",
       "      <td>0.299964</td>\n",
       "      <td>-1.015128</td>\n",
       "      <td>0.301799</td>\n",
       "      <td>0.390812</td>\n",
       "      <td>-0.068477</td>\n",
       "      <td>-1.568813</td>\n",
       "      <td>0.261140</td>\n",
       "      <td>0.870330</td>\n",
       "    </tr>\n",
       "    <tr>\n",
       "      <th>Electronics123</th>\n",
       "      <td>0.275302</td>\n",
       "      <td>0.040098</td>\n",
       "      <td>1.187266</td>\n",
       "      <td>-1.042672</td>\n",
       "      <td>0.303853</td>\n",
       "      <td>1.840665</td>\n",
       "      <td>1.021452</td>\n",
       "      <td>0.057790</td>\n",
       "      <td>-0.411254</td>\n",
       "      <td>-0.220403</td>\n",
       "      <td>-0.163841</td>\n",
       "      <td>-0.247459</td>\n",
       "      <td>-0.246100</td>\n",
       "      <td>-0.226939</td>\n",
       "      <td>0.344201</td>\n",
       "      <td>1.487664</td>\n",
       "      <td>0.188403</td>\n",
       "      <td>-0.261042</td>\n",
       "      <td>0.426054</td>\n",
       "      <td>0.710187</td>\n",
       "    </tr>\n",
       "    <tr>\n",
       "      <th>EnviroLike</th>\n",
       "      <td>0.189002</td>\n",
       "      <td>-0.058437</td>\n",
       "      <td>0.706255</td>\n",
       "      <td>-0.632599</td>\n",
       "      <td>0.267701</td>\n",
       "      <td>1.021452</td>\n",
       "      <td>0.687176</td>\n",
       "      <td>0.110644</td>\n",
       "      <td>-0.232349</td>\n",
       "      <td>-0.186581</td>\n",
       "      <td>-0.161067</td>\n",
       "      <td>-0.180810</td>\n",
       "      <td>-0.179876</td>\n",
       "      <td>-0.082666</td>\n",
       "      <td>0.130441</td>\n",
       "      <td>0.846800</td>\n",
       "      <td>0.093904</td>\n",
       "      <td>-0.161314</td>\n",
       "      <td>0.291795</td>\n",
       "      <td>0.295791</td>\n",
       "    </tr>\n",
       "    <tr>\n",
       "      <th>Fuel4</th>\n",
       "      <td>-0.193473</td>\n",
       "      <td>0.568648</td>\n",
       "      <td>0.203383</td>\n",
       "      <td>-0.006948</td>\n",
       "      <td>-0.316082</td>\n",
       "      <td>0.057790</td>\n",
       "      <td>0.110644</td>\n",
       "      <td>0.499134</td>\n",
       "      <td>0.311331</td>\n",
       "      <td>-0.064760</td>\n",
       "      <td>-0.135295</td>\n",
       "      <td>0.137122</td>\n",
       "      <td>-0.401588</td>\n",
       "      <td>0.512922</td>\n",
       "      <td>-0.395713</td>\n",
       "      <td>-0.076914</td>\n",
       "      <td>-0.044161</td>\n",
       "      <td>0.235778</td>\n",
       "      <td>-0.264586</td>\n",
       "      <td>-0.610220</td>\n",
       "    </tr>\n",
       "    <tr>\n",
       "      <th>Lasers</th>\n",
       "      <td>-0.431047</td>\n",
       "      <td>0.855528</td>\n",
       "      <td>-0.084748</td>\n",
       "      <td>0.296235</td>\n",
       "      <td>-0.439845</td>\n",
       "      <td>-0.411254</td>\n",
       "      <td>-0.232349</td>\n",
       "      <td>0.311331</td>\n",
       "      <td>0.596194</td>\n",
       "      <td>0.130067</td>\n",
       "      <td>-0.073355</td>\n",
       "      <td>0.243156</td>\n",
       "      <td>-0.351474</td>\n",
       "      <td>0.686062</td>\n",
       "      <td>-0.396987</td>\n",
       "      <td>-0.398272</td>\n",
       "      <td>-0.039395</td>\n",
       "      <td>0.137537</td>\n",
       "      <td>-0.391107</td>\n",
       "      <td>-0.882439</td>\n",
       "    </tr>\n",
       "    <tr>\n",
       "      <th>MarsProject</th>\n",
       "      <td>-0.161818</td>\n",
       "      <td>-0.005924</td>\n",
       "      <td>-0.143632</td>\n",
       "      <td>0.225560</td>\n",
       "      <td>0.029447</td>\n",
       "      <td>-0.220403</td>\n",
       "      <td>-0.186581</td>\n",
       "      <td>-0.064760</td>\n",
       "      <td>0.130067</td>\n",
       "      <td>0.227513</td>\n",
       "      <td>0.212712</td>\n",
       "      <td>-0.113731</td>\n",
       "      <td>-0.046481</td>\n",
       "      <td>-0.116083</td>\n",
       "      <td>0.032930</td>\n",
       "      <td>-0.232010</td>\n",
       "      <td>0.010186</td>\n",
       "      <td>-0.192515</td>\n",
       "      <td>-0.108094</td>\n",
       "      <td>-0.096609</td>\n",
       "    </tr>\n",
       "    <tr>\n",
       "      <th>Moneymakers</th>\n",
       "      <td>0.033139</td>\n",
       "      <td>-0.436617</td>\n",
       "      <td>-0.080618</td>\n",
       "      <td>0.245871</td>\n",
       "      <td>0.022111</td>\n",
       "      <td>-0.163841</td>\n",
       "      <td>-0.161067</td>\n",
       "      <td>-0.135295</td>\n",
       "      <td>-0.073355</td>\n",
       "      <td>0.212712</td>\n",
       "      <td>0.449024</td>\n",
       "      <td>-0.062262</td>\n",
       "      <td>0.002536</td>\n",
       "      <td>-0.441747</td>\n",
       "      <td>0.191884</td>\n",
       "      <td>-0.257356</td>\n",
       "      <td>0.070868</td>\n",
       "      <td>0.065323</td>\n",
       "      <td>0.041337</td>\n",
       "      <td>0.161115</td>\n",
       "    </tr>\n",
       "    <tr>\n",
       "      <th>PearPear</th>\n",
       "      <td>0.098166</td>\n",
       "      <td>0.730034</td>\n",
       "      <td>0.268382</td>\n",
       "      <td>0.188992</td>\n",
       "      <td>-1.234119</td>\n",
       "      <td>-0.247459</td>\n",
       "      <td>-0.180810</td>\n",
       "      <td>0.137122</td>\n",
       "      <td>0.243156</td>\n",
       "      <td>-0.113731</td>\n",
       "      <td>-0.062262</td>\n",
       "      <td>1.345775</td>\n",
       "      <td>-0.231090</td>\n",
       "      <td>0.986994</td>\n",
       "      <td>-0.266054</td>\n",
       "      <td>-0.213818</td>\n",
       "      <td>0.079914</td>\n",
       "      <td>1.661930</td>\n",
       "      <td>-0.003918</td>\n",
       "      <td>-0.640614</td>\n",
       "    </tr>\n",
       "    <tr>\n",
       "      <th>Photons</th>\n",
       "      <td>0.162644</td>\n",
       "      <td>-0.452965</td>\n",
       "      <td>-0.457670</td>\n",
       "      <td>-0.019903</td>\n",
       "      <td>0.299964</td>\n",
       "      <td>-0.246100</td>\n",
       "      <td>-0.179876</td>\n",
       "      <td>-0.401588</td>\n",
       "      <td>-0.351474</td>\n",
       "      <td>-0.046481</td>\n",
       "      <td>0.002536</td>\n",
       "      <td>-0.231090</td>\n",
       "      <td>0.630609</td>\n",
       "      <td>-0.617777</td>\n",
       "      <td>0.464397</td>\n",
       "      <td>-0.094484</td>\n",
       "      <td>-0.079794</td>\n",
       "      <td>-0.219110</td>\n",
       "      <td>0.194268</td>\n",
       "      <td>0.617760</td>\n",
       "    </tr>\n",
       "    <tr>\n",
       "      <th>PositiveCorrelation</th>\n",
       "      <td>-0.301079</td>\n",
       "      <td>1.333249</td>\n",
       "      <td>0.262605</td>\n",
       "      <td>0.161200</td>\n",
       "      <td>-1.015128</td>\n",
       "      <td>-0.226939</td>\n",
       "      <td>-0.082666</td>\n",
       "      <td>0.512922</td>\n",
       "      <td>0.686062</td>\n",
       "      <td>-0.116083</td>\n",
       "      <td>-0.441747</td>\n",
       "      <td>0.986994</td>\n",
       "      <td>-0.617777</td>\n",
       "      <td>1.639006</td>\n",
       "      <td>-0.861813</td>\n",
       "      <td>-0.170665</td>\n",
       "      <td>-0.010490</td>\n",
       "      <td>0.911742</td>\n",
       "      <td>-0.422830</td>\n",
       "      <td>-1.283780</td>\n",
       "    </tr>\n",
       "    <tr>\n",
       "      <th>RoboticsX</th>\n",
       "      <td>0.130412</td>\n",
       "      <td>-0.340704</td>\n",
       "      <td>0.074950</td>\n",
       "      <td>-0.275722</td>\n",
       "      <td>0.301799</td>\n",
       "      <td>0.344201</td>\n",
       "      <td>0.130441</td>\n",
       "      <td>-0.395713</td>\n",
       "      <td>-0.396987</td>\n",
       "      <td>0.032930</td>\n",
       "      <td>0.191884</td>\n",
       "      <td>-0.266054</td>\n",
       "      <td>0.464397</td>\n",
       "      <td>-0.861813</td>\n",
       "      <td>0.833455</td>\n",
       "      <td>0.366898</td>\n",
       "      <td>-0.058312</td>\n",
       "      <td>-0.188469</td>\n",
       "      <td>0.397987</td>\n",
       "      <td>0.750069</td>\n",
       "    </tr>\n",
       "    <tr>\n",
       "      <th>SafeAndCare</th>\n",
       "      <td>0.254332</td>\n",
       "      <td>-0.036381</td>\n",
       "      <td>0.965049</td>\n",
       "      <td>-0.897824</td>\n",
       "      <td>0.390812</td>\n",
       "      <td>1.487664</td>\n",
       "      <td>0.846800</td>\n",
       "      <td>-0.076914</td>\n",
       "      <td>-0.398272</td>\n",
       "      <td>-0.232010</td>\n",
       "      <td>-0.257356</td>\n",
       "      <td>-0.213818</td>\n",
       "      <td>-0.094484</td>\n",
       "      <td>-0.170665</td>\n",
       "      <td>0.366898</td>\n",
       "      <td>1.403801</td>\n",
       "      <td>0.036346</td>\n",
       "      <td>-0.348509</td>\n",
       "      <td>0.434489</td>\n",
       "      <td>0.718606</td>\n",
       "    </tr>\n",
       "    <tr>\n",
       "      <th>SpaceNow</th>\n",
       "      <td>0.123817</td>\n",
       "      <td>-0.060050</td>\n",
       "      <td>0.127214</td>\n",
       "      <td>-0.104175</td>\n",
       "      <td>-0.068477</td>\n",
       "      <td>0.188403</td>\n",
       "      <td>0.093904</td>\n",
       "      <td>-0.044161</td>\n",
       "      <td>-0.039395</td>\n",
       "      <td>0.010186</td>\n",
       "      <td>0.070868</td>\n",
       "      <td>0.079914</td>\n",
       "      <td>-0.079794</td>\n",
       "      <td>-0.010490</td>\n",
       "      <td>-0.058312</td>\n",
       "      <td>0.036346</td>\n",
       "      <td>0.337523</td>\n",
       "      <td>0.158892</td>\n",
       "      <td>0.100160</td>\n",
       "      <td>0.030588</td>\n",
       "    </tr>\n",
       "    <tr>\n",
       "      <th>SuperFuture</th>\n",
       "      <td>0.268904</td>\n",
       "      <td>0.653119</td>\n",
       "      <td>0.356255</td>\n",
       "      <td>0.184776</td>\n",
       "      <td>-1.568813</td>\n",
       "      <td>-0.261042</td>\n",
       "      <td>-0.161314</td>\n",
       "      <td>0.235778</td>\n",
       "      <td>0.137537</td>\n",
       "      <td>-0.192515</td>\n",
       "      <td>0.065323</td>\n",
       "      <td>1.661930</td>\n",
       "      <td>-0.219110</td>\n",
       "      <td>0.911742</td>\n",
       "      <td>-0.188469</td>\n",
       "      <td>-0.348509</td>\n",
       "      <td>0.158892</td>\n",
       "      <td>2.371680</td>\n",
       "      <td>0.102590</td>\n",
       "      <td>-0.653725</td>\n",
       "    </tr>\n",
       "    <tr>\n",
       "      <th>WaterForce</th>\n",
       "      <td>0.360058</td>\n",
       "      <td>-0.536688</td>\n",
       "      <td>0.294366</td>\n",
       "      <td>-0.317075</td>\n",
       "      <td>0.261140</td>\n",
       "      <td>0.426054</td>\n",
       "      <td>0.291795</td>\n",
       "      <td>-0.264586</td>\n",
       "      <td>-0.391107</td>\n",
       "      <td>-0.108094</td>\n",
       "      <td>0.041337</td>\n",
       "      <td>-0.003918</td>\n",
       "      <td>0.194268</td>\n",
       "      <td>-0.422830</td>\n",
       "      <td>0.397987</td>\n",
       "      <td>0.434489</td>\n",
       "      <td>0.100160</td>\n",
       "      <td>0.102590</td>\n",
       "      <td>0.488762</td>\n",
       "      <td>0.543658</td>\n",
       "    </tr>\n",
       "    <tr>\n",
       "      <th>WorldNow</th>\n",
       "      <td>0.560093</td>\n",
       "      <td>-1.294544</td>\n",
       "      <td>0.056603</td>\n",
       "      <td>-0.450881</td>\n",
       "      <td>0.870330</td>\n",
       "      <td>0.710187</td>\n",
       "      <td>0.295791</td>\n",
       "      <td>-0.610220</td>\n",
       "      <td>-0.882439</td>\n",
       "      <td>-0.096609</td>\n",
       "      <td>0.161115</td>\n",
       "      <td>-0.640614</td>\n",
       "      <td>0.617760</td>\n",
       "      <td>-1.283780</td>\n",
       "      <td>0.750069</td>\n",
       "      <td>0.718606</td>\n",
       "      <td>0.030588</td>\n",
       "      <td>-0.653725</td>\n",
       "      <td>0.543658</td>\n",
       "      <td>1.608255</td>\n",
       "    </tr>\n",
       "  </tbody>\n",
       "</table>\n",
       "</div>"
      ],
      "text/plain": [
       "                        ABCDE    Apples  BetterTechnology  BetterTomorrow  \\\n",
       "ABCDE                0.473603 -0.711997          0.155723       -0.191133   \n",
       "Apples              -0.711997  2.285147          0.294712       -0.075426   \n",
       "BetterTechnology     0.155723  0.294712          1.075292       -0.608165   \n",
       "BetterTomorrow      -0.191133 -0.075426         -0.608165        0.733636   \n",
       "CPU-XYZ              0.159171 -1.176433         -0.174119       -0.244420   \n",
       "Electronics123       0.275302  0.040098          1.187266       -1.042672   \n",
       "EnviroLike           0.189002 -0.058437          0.706255       -0.632599   \n",
       "Fuel4               -0.193473  0.568648          0.203383       -0.006948   \n",
       "Lasers              -0.431047  0.855528         -0.084748        0.296235   \n",
       "MarsProject         -0.161818 -0.005924         -0.143632        0.225560   \n",
       "Moneymakers          0.033139 -0.436617         -0.080618        0.245871   \n",
       "PearPear             0.098166  0.730034          0.268382        0.188992   \n",
       "Photons              0.162644 -0.452965         -0.457670       -0.019903   \n",
       "PositiveCorrelation -0.301079  1.333249          0.262605        0.161200   \n",
       "RoboticsX            0.130412 -0.340704          0.074950       -0.275722   \n",
       "SafeAndCare          0.254332 -0.036381          0.965049       -0.897824   \n",
       "SpaceNow             0.123817 -0.060050          0.127214       -0.104175   \n",
       "SuperFuture          0.268904  0.653119          0.356255        0.184776   \n",
       "WaterForce           0.360058 -0.536688          0.294366       -0.317075   \n",
       "WorldNow             0.560093 -1.294544          0.056603       -0.450881   \n",
       "\n",
       "                      CPU-XYZ  Electronics123  EnviroLike     Fuel4    Lasers  \\\n",
       "ABCDE                0.159171        0.275302    0.189002 -0.193473 -0.431047   \n",
       "Apples              -1.176433        0.040098   -0.058437  0.568648  0.855528   \n",
       "BetterTechnology    -0.174119        1.187266    0.706255  0.203383 -0.084748   \n",
       "BetterTomorrow      -0.244420       -1.042672   -0.632599 -0.006948  0.296235   \n",
       "CPU-XYZ              1.410248        0.303853    0.267701 -0.316082 -0.439845   \n",
       "Electronics123       0.303853        1.840665    1.021452  0.057790 -0.411254   \n",
       "EnviroLike           0.267701        1.021452    0.687176  0.110644 -0.232349   \n",
       "Fuel4               -0.316082        0.057790    0.110644  0.499134  0.311331   \n",
       "Lasers              -0.439845       -0.411254   -0.232349  0.311331  0.596194   \n",
       "MarsProject          0.029447       -0.220403   -0.186581 -0.064760  0.130067   \n",
       "Moneymakers          0.022111       -0.163841   -0.161067 -0.135295 -0.073355   \n",
       "PearPear            -1.234119       -0.247459   -0.180810  0.137122  0.243156   \n",
       "Photons              0.299964       -0.246100   -0.179876 -0.401588 -0.351474   \n",
       "PositiveCorrelation -1.015128       -0.226939   -0.082666  0.512922  0.686062   \n",
       "RoboticsX            0.301799        0.344201    0.130441 -0.395713 -0.396987   \n",
       "SafeAndCare          0.390812        1.487664    0.846800 -0.076914 -0.398272   \n",
       "SpaceNow            -0.068477        0.188403    0.093904 -0.044161 -0.039395   \n",
       "SuperFuture         -1.568813       -0.261042   -0.161314  0.235778  0.137537   \n",
       "WaterForce           0.261140        0.426054    0.291795 -0.264586 -0.391107   \n",
       "WorldNow             0.870330        0.710187    0.295791 -0.610220 -0.882439   \n",
       "\n",
       "                     MarsProject  Moneymakers  PearPear   Photons  \\\n",
       "ABCDE                  -0.161818     0.033139  0.098166  0.162644   \n",
       "Apples                 -0.005924    -0.436617  0.730034 -0.452965   \n",
       "BetterTechnology       -0.143632    -0.080618  0.268382 -0.457670   \n",
       "BetterTomorrow          0.225560     0.245871  0.188992 -0.019903   \n",
       "CPU-XYZ                 0.029447     0.022111 -1.234119  0.299964   \n",
       "Electronics123         -0.220403    -0.163841 -0.247459 -0.246100   \n",
       "EnviroLike             -0.186581    -0.161067 -0.180810 -0.179876   \n",
       "Fuel4                  -0.064760    -0.135295  0.137122 -0.401588   \n",
       "Lasers                  0.130067    -0.073355  0.243156 -0.351474   \n",
